energy__ <- 3272.21
eqterm <- structure(c(0.0412189,-0.0468791,0.199634,0.341062,0.362186,-0.0230862,-0.151514,0.406784,0.0330128,0.235949,0.195952,0.405044,0.938036,0.14411,-0.0523549,-0.329934,0.545324,0.0223722,0.26342,0.129151,0.630799,0.0467712,0.153355,0.383674,0.273689,0.276493,-0.0544382,-0.0850469,0.237644,-0.326419,0.500674,0.291772,-0.0990493,-0.215094,-0.102319,0.0546914,0.378454,-0.158704,0.204456,0.418818,0.445615,0.536398,0.444068,-0.180238,0.762126,-0.0765863,-0.847276,0.72264,0.0660041,0.288313,0.185167,0.495516,-0.447203,-0.183967,0.627298,1.26753,0.438481,0.0333394,0.12089,-0.0822102,-0.434392,-0.231037,-0.0831172,-0.10786,0.0710404,0.533196,-0.109854,0.1112,-0.791809,-0.406998,0.514182,-0.146723,0.296725,-0.572794,-0.232206,-0.245008,-0.119686,0.66495,0.267784,0.0954468,0.311123,-0.163518,0.0863611,0.0721952,-0.140466,-0.10488,0.330101,0.184977,0.145405,-0.328251,0.295016,0.12803,-0.521889,0.232177,-0.100803,-0.225252,-0.0910858,0.246879,0.345621,0.239277,0.343078,-0.232806,0.0752219,-0.505124,-0.327576,-0.430122,-0.973095,-0.661122,-0.536363,-0.317547,-0.263981,-0.542846,0.467203,0.340316,0.478653,0.382068,0.193574,-0.160443,0.344672,0.0223109,-0.317045,0.357543,-0.644063,0.84661,0.592107,0.307005,0.425644,0.0627676,0.609981,0.640669,0.442019,0.316781,0.104554,0.557198,0.223527,-0.0965556,-0.0927208,-0.188282,0.606774,0.385159,-0.363051,-0.114491,0.960958,-0.229293,1.17398,-0.190822,0.514708,0.0174197,0.215903,-0.160073,-0.366255,0.485199,0.375341,-0.477079,-0.0575859,0.0741104,-0.108012,-0.293678,-0.0137403,-0.0812928,0.44101,-0.167096,-0.174449,-0.344188,0.1977,-0.0576957,0.167851,0.195261,-0.426077,0.18079,0.359823,-0.296874,-0.0104967,-0.0371381,0.223938,-0.10022,0.233527,-0.346459,0.381773,0.106453,0.370324,0.147113,-0.215822,0.192982,-0.333465,0.0198917,-0.0396493,0.303979,-0.212005,0.564492,-0.0431772,-0.310248,0.0992007,-0.183615,0.551075,0.390702,-0.407142,-0.493033,0.184316,0.0500287,0.100249,0.407385,-0.337537,-0.179734,-0.049004,-0.235265,-0.383487,-0.403784,0.411953,-0.157004,0.741349,0.393986,-0.229404,0.117865,0.0443228,0.167786,0.302045,-0.332318,-0.216011,0.11442,0.0554916,0.0765474,0.493423,0.035799,0.384878,-0.276923,-0.0160621,-0.38767,0.300303,0.0750003,0.371019,-0.0279992,-0.926642,-0.186909,0.373533,-0.423423,-0.636148,-0.648384,0.083943,0.120649,-0.00294253,-0.629045,-0.120554,0.316301,0.0829026,-0.133441,-0.0175542,-0.0464679,0.0901371,0.196493,0.440465,0.663646,0.217733,0.554171,0.114483,-0.0765947,0.207694,-0.120098,-0.151367,-0.870626,-0.317626,0.441376,0.0213556,0.151229,-0.215734,-0.500011,-0.271621,-0.469894,-0.182017,0.0161433,-0.0554917,0.0417462,0.00220735,0.0394927,0.0763772,-0.426076,-0.0572043,-0.242713,-0.265161,-0.0187715,0.197335,0.309049,-0.0527973,-0.0726519,-0.105677,0.0193907,0.363916,0.123307,-0.413261,-0.569337,0.546682,-0.213665,0.101941,0.403779,0.677574,0.307244,-0.23157,0.0703309,0.189113,-0.146943,-0.112277,0.239645,-0.108546,-0.288589,0.115365,-0.365526,-0.411186,0.478061,-0.155436,-0.181853,0.12018,0.110527,-0.0196156,-0.0117648,0.0940794,0.0370928,0.244932,-0.245032,0.121822,-0.556647,-0.315788,-0.0111997,-0.0311518,0.212655,0.135631,0.722634,0.22649,0.0362746,0.0207666,-0.306304,-0.00653686,-0.517448,-0.218752,-0.342601,0.194847,0.0874797,-0.376988,0.0312999,0.112607,-0.321273,-0.560321,-0.0359327,0.0239907,-0.300356,0.312638,-0.0923138,-0.490861,-0.0622378,-0.246268,-0.173488,-0.979896,-0.548085,-0.54749,0.0893321,-0.399458,-0.315725,-0.577252,0.548419,-0.152336,0.29963,-0.316979,0.231025,-0.361868,0.183218,0.166528,0.158294,-0.113282,0.0419144,0.217016,-0.604997,-0.242234,-0.487813,-0.0396224,0.367382,-0.320637,-0.287237,-0.258396,-0.369427,-0.188713,-0.339064,0.0703611,-0.486912,-0.205791,-0.506541,-0.17022,-0.0798076,0.470298,0.137092,0.0787364,-0.177185,0.0207082,0.13484,0.197697,0.52975,-0.485602,-0.2526,-0.00523508,0.00623862,-0.198161,-0.0760352,-0.643847,-0.43871,0.0381913,-0.0262444,0.628616,0.0790835,0.249795,0.00127503,-0.179355,0.0134512,-0.231295,-0.366657,-0.0966862,0.393401,0.339706,0.345062,0.212948,-0.0149885,0.325372,-0.120842,-0.571368,-0.105117,-0.0168683,-0.298019,-0.173669,0.00941177,0.116786,0.0799408,-0.0614012,-0.242097,-0.6604,-0.352929,-0.122773,-0.327572,0.132824,0.315355,0.115561,-0.121035,-0.0637829,-0.0361461,0.0354788,-0.24372,0.557679,-0.0999725,-0.205717,0.00223416,0.16,-0.509655,-0.401236,0.00471396,0.354678,-0.72979,0.494708,-0.826104,-0.0362507,-0.189806,-0.511219,-0.578617,-0.66314,-0.307481,0.32422,0.267515,-0.0322248,-0.672857,0.412084,0.127676,0.20016,-0.587792,-0.747797,0.131979,-0.36229,0.545866,0.474272,0.53953,-0.00458395,0.093665,-0.240469,0.395768,0.323766,0.128426,-0.0779383,0.0783224,-0.0259794,0.476425,0.125013,0.0751497,-0.0202662,0.423462,-0.267339,0.177958,0.172173,0.438107,0.872897,0.0389184,-0.213907,-0.538037,0.655425,0.195456,0.392456,-0.022007,0.686359,0.148902,0.442202,0.506977,0.477821,0.505371,0.0328269,0.0425478,0.139411,-0.0993211,0.322452,0.411543,-0.135279,-0.34397,-0.24931,-0.122783,0.154074,-0.0429212,0.475662,0.328105,0.460998,0.337158,0.520981,-0.417157,0.634088,0.219476,-1.029,0.51623,-0.062202,0.435082,0.0656364,0.699645,-0.371242,-0.600268,0.679456,1.41499,0.236342,0.00484198,-0.0801625,0.0834912,-0.317,-0.234028,0.0280028,-0.099267,0.347808,0.59845,-0.121151,0.174273,-1.08672,-0.219838,0.432348,-0.0644021,0.599753,-0.550646,-0.502011,-0.153393,-0.0189941,0.832059,0.299204,0.148802,0.486005,-0.174043,-0.103011,0.241165,-0.134217,-0.152018,0.554359,0.374474,0.135371,-0.0800107,0.337986,-0.00214091,-0.552189,0.366082,-0.0395311,-0.243439,0.150588,0.439826,0.409614,0.510631,0.154846,-0.229859,-0.0333176,-0.504931,-0.439508,-0.353426,-0.813305,-0.625915,-0.705619,-0.188301,-0.140787,-0.592291,0.346347,0.378812,0.518512,0.601741,-0.00538076,-0.178763,0.326274,0.124129,-0.150707,0.378226,-0.404503,1.03456,0.578028,0.208953,0.499011,0.111715,0.365794,0.447034,0.382857,0.320621,0.0994084,0.575728,0.157612,-0.0876304,-0.0344186,-0.0410205,0.545708,0.413973,-0.169351,0.0452826,1.02827,-0.0547327,0.824254,-0.313217,0.596581,-0.120984,0.403812,-0.155745,-0.347723,0.439647,0.386354,-0.598911,-0.194427,0.0338949,-0.114613,-0.53913,0.0380223,-0.0607175,0.646339,0.216181,-0.182594,-0.217478,0.181215,-0.0725335,0.33025,0.150647,-0.494888,0.208114,0.108268,-0.291642,0.172615,-0.0860695,0.229086,-0.181762,-0.0214465,-0.366025,0.489235,0.193502,0.50443,0.0556621,-0.347249,0.448573,-0.263507,0.348941,-0.0254646,0.0967895,-0.200566,0.459744,-0.0862683,-0.196475,0.152892,-0.142906,0.613104,0.394443,-0.0953284,-0.465454,0.112204,-0.0816646,0.393971,0.426832,-0.232487,-0.35575,-0.166485,-0.412003,-0.313146,-0.551649,0.455735,0.0303096,0.906212,0.613037,-0.500278,0.199315,0.0529762,0.196191,0.25669,-0.314314,-0.175853,-0.0951117,-0.0545855,0.220027,0.624364,0.206982,0.418488,-0.113405,0.0521478,-0.36472,0.556313,0.189661,0.445849,-0.412303,-0.916204,-0.142159,0.0593698,-0.551387,-0.619775,-0.623123,0.0310808,0.23197,0.0461277,-0.481215,-0.216956,0.324643,-0.103787,0.0262868,0.0218741,-0.260408,-0.0442399,0.244946,0.199459,0.844084,0.219981,0.71613,-0.0504645,-0.0491993,0.111783,0.00663635,-0.161858,-0.843966,-0.290057,0.476679,-0.0722493,-0.0091002,-0.233206,-0.396248,-0.532468,-0.327104,-0.112753,-0.0957707,-0.0123431,0.0186156,-0.0956115,0.114369,-0.0434042,-0.55353,-0.129339,-0.17938,-0.262699,-0.114134,0.228299,0.185172,0.201018,-0.229826,-0.0608539,-0.237638,0.409762,-0.00105558,-0.348952,-0.513014,0.617353,-0.211441,-0.148877,0.345492,0.633722,0.125151,-0.075516,0.0960546,0.107742,-0.247774,-0.187883,0.289731,-0.0609315,-0.347876,-0.0440207,-0.314945,-0.224382,0.407205,-0.264412,-0.0413482,0.31988,0.339863,0.175953,0.0292337,0.118702,-0.38408,0.102251,-0.277129,0.238336,-0.861668,-0.320506,0.125679,0.0906566,0.496791,-0.0333852,0.50031,0.40717,0.0142675,-0.0540201,-0.530523,0.0521954,-0.368974,-0.017697,-0.0815185,0.143856,0.171765,-0.133492,-0.0283763,-0.0975478,-0.373475,-0.41322,0.148993,0.146221,0.0841461,0.355369,