energy__ <- 3274.33
eqterm <- structure(c(0.466984,-0.124036,0.00605034,0.350332,0.439192,0.218323,0.120059,0.220752,0.130778,-0.0258575,0.128707,0.0757534,0.9284,-0.440876,-0.318478,-0.245339,0.47009,0.104085,0.744141,-0.00959656,-0.402005,0.581766,0.456935,0.0802766,0.174179,0.14218,0.266694,0.00419942,0.961624,0.408162,0.314025,0.089298,-0.440716,-0.0501581,-0.00387138,-0.298248,-0.182861,-0.546291,0.221852,0.307163,0.0414763,0.469385,0.644804,0.197079,0.965668,-0.0853415,-0.172447,0.0712339,0.516867,-0.461412,0.486228,0.527252,0.50638,-0.0642277,0.504367,0.875774,0.405966,-0.304084,0.517425,0.204565,-0.251682,-0.0694219,0.2045,-1.03719,0.332319,0.748076,-0.159696,0.0443585,-0.758378,-0.626664,0.409586,-0.159845,0.0721257,-0.802061,-0.398271,-0.102474,0.330039,0.599245,0.317319,-0.0682502,0.724302,-0.229665,-0.194601,0.144451,-0.136574,-0.312641,0.444533,0.658831,0.256375,-0.604845,0.0828192,0.221983,-0.813011,0.0892631,-0.00346482,-0.450757,0.586142,-0.272862,0.960479,0.332914,0.188935,-0.213399,-0.0476869,-0.294447,-0.433212,-0.250689,-0.604519,-0.76616,-0.746318,-0.368489,-0.631799,-0.985262,0.578901,0.0561636,0.439312,0.697808,0.579702,-0.0287762,-0.125767,0.139899,0.0446992,0.204818,-0.363816,0.217895,0.091816,0.173735,0.458893,0.0918048,0.745245,0.345239,-0.0678497,-0.0356658,-0.2394,0.20644,0.0815922,-0.129352,-0.0822926,0.034773,0.0287571,0.182135,0.188079,-0.0724831,1.27682,-0.0140194,-0.171698,-0.162843,0.507848,0.159586,0.525024,-0.111513,0.0118563,0.450797,0.295654,0.459092,0.323647,-0.194563,-0.164688,0.0175519,-0.0331682,0.582143,-0.102384,-0.162612,-0.0579419,-0.880311,0.302915,-0.320506,-0.422102,0.20339,-0.651932,0.263151,-0.00617114,-0.620662,-0.131327,0.049869,-0.0505774,-0.288501,-0.143967,-0.640583,0.598654,0.0560586,0.0490819,-0.120107,-0.278672,0.0293937,-0.071506,0.0236217,-0.225689,0.720825,-0.00272279,0.170442,0.109828,0.355927,0.0255836,0.354069,-0.303435,0.278239,0.750078,-0.639293,0.26918,0.0459868,0.171793,-0.469314,0.010072,0.0430413,-0.344797,0.473169,-0.267806,-0.0268397,0.220846,-0.473307,0.200534,-0.00117098,-0.497842,0.184576,0.0104283,0.313345,-0.030447,-0.00996537,-0.495984,0.181393,0.342945,0.428155,0.312023,-0.158194,-0.288952,-0.775764,-0.425185,0.0762672,0.302936,0.257298,0.067641,-0.0776186,-0.291152,-0.0959186,-0.159647,-0.137171,-0.445862,-0.656459,0.215734,0.3813,-0.177778,-0.501236,-0.205559,0.314889,0.20974,-0.525823,0.56578,-0.306726,1.00042,-0.0897145,0.131679,0.683161,-0.152991,0.151349,-0.166028,0.0286151,0.114089,-0.0156978,0.0437601,-0.158077,-0.728723,0.300635,0.13072,0.231718,-0.336462,-0.248074,0.184527,0.288592,0.234571,0.0471555,-0.138804,0.107912,-0.00401239,-0.0776106,-0.526747,0.0235337,0.249628,-0.555383,-0.950338,-0.0675952,0.222183,0.196767,-0.106816,0.0550689,-0.455897,0.162627,-0.257941,0.0691715,0.172075,-0.634209,-0.0309945,-0.147956,-0.32117,0.822905,0.576659,0.296101,0.092058,-0.324776,0.0708774,-0.10303,-0.146731,0.158396,-0.261997,0.0184397,-0.287953,0.149892,-0.183612,0.455224,0.259537,-0.33931,-0.225936,-0.286825,0.193259,-0.691399,0.141577,0.00302757,0.220488,-0.540087,0.138532,-0.790127,-1.0069,-0.0991862,0.0796328,-0.320845,-0.163309,1.26262,0.132223,-0.203942,0.393397,-0.363571,0.224655,-0.161655,-0.202109,0.0219549,-0.00207911,-0.137189,-0.228191,0.292752,0.34383,-0.50212,-0.0512963,0.0783386,-0.0293794,0.111772,0.255973,-0.219004,-0.150917,-0.249896,-0.0565217,0.300909,-0.936409,-0.885227,-0.763378,-0.319214,-0.555712,-0.22569,-0.438931,0.10493,0.0157117,0.169382,-0.436669,0.105487,-0.078384,0.125989,-0.210025,0.327618,-0.708927,0.222395,0.296272,-0.284328,0.0620806,-0.934794,0.0373912,0.155513,0.127078,-0.42988,0.360746,-0.672623,0.0888795,-0.266564,-0.197601,-0.0175574,-0.563656,-0.104326,0.118029,0.295861,0.305609,-0.193602,-0.142295,-0.0474515,-0.491248,-0.445762,0.211922,0.120441,0.0387199,-0.275658,0.0925785,-0.245356,-0.0770977,-0.0691702,-0.634272,-0.170588,-0.382323,-0.202822,0.115009,0.165019,0.242527,0.459139,-0.00175079,-0.258001,-0.173809,-0.184267,0.201407,0.121514,-0.0345613,0.751388,0.0708457,0.464881,0.425637,0.15847,-0.653262,0.221807,-0.203403,0.160154,-0.287035,-0.433407,-0.0744803,0.150299,-0.258785,-0.488615,-0.483397,-0.658919,0.162183,-0.207077,-0.0998176,0.192931,-0.00770121,0.116446,0.122565,-0.0429954,-0.225353,0.455582,-0.0468636,-0.245907,0.259942,-0.212634,-0.11444,-0.744157,-0.870661,-0.302303,0.256497,-0.332652,0.181522,-0.588827,-0.402692,-0.0543583,-0.618354,-0.219223,-0.710196,-0.0582159,-0.435999,-0.165457,-0.626898,-0.920082,0.336111,0.451104,-0.00518665,-0.422408,-0.444051,0.281158,0.231049,0.195658,-0.123871,0.271389,0.0169706,0.460597,-0.145605,-0.0652544,0.137298,0.678308,0.558821,-0.228247,-0.0314249,0.362944,0.434307,0.333078,0.0850609,0.253977,0.259525,-0.0163936,-0.0471966,-0.0259404,0.908771,-0.746594,-0.262997,-0.282469,0.482733,0.155798,0.988759,-0.0762885,-0.380441,0.882399,0.535389,0.194763,0.523669,0.394512,0.303191,0.0805463,0.87921,0.318487,0.107663,0.06863,-0.539014,-0.20319,-0.251563,-0.341883,-0.231571,-0.597243,0.298401,0.487018,-0.0539919,0.603771,0.705215,0.121493,0.95966,0.176955,-0.245722,-0.319646,0.720057,-0.299227,0.385708,0.373904,0.454659,-0.363379,0.466821,1.04033,0.272388,-0.407244,0.541332,0.223583,-0.141239,-0.187414,0.239087,-1.01909,0.591493,0.724398,-0.239259,0.0164254,-0.918195,-0.518721,0.470696,-0.189475,0.285371,-0.918788,-0.282864,-0.0923558,0.389972,0.598847,0.356778,-0.17085,0.887,-0.0576578,-0.196409,0.157989,-0.130126,-0.209687,0.407748,0.835374,0.286226,-0.515762,0.184195,0.189427,-0.817043,0.169056,0.0280763,-0.409739,0.698943,-0.215723,1.00349,0.266847,0.316543,-0.198385,-0.096003,-0.298813,-0.462641,-0.113502,-0.566873,-0.746234,-0.707712,-0.319964,-0.521438,-0.797357,0.549334,0.162562,0.439462,0.837337,0.521953,-0.0495715,-0.209296,0.0245382,0.0406469,0.27209,-0.220923,0.379253,-0.0523198,-0.020861,0.476162,-0.0427667,0.578387,0.380387,0.123857,0.0470735,-0.229002,0.243518,-0.0594741,-0.0653537,-0.0696118,0.0302993,0.0708921,0.157018,0.265325,-0.101821,1.46972,0.0539556,-0.529862,-0.589385,0.478791,0.264535,0.56974,-0.162279,0.042806,0.523839,0.379522,0.543808,0.127226,-0.256453,-0.215855,-0.223705,-0.0247668,0.555716,-0.0232784,0.0876767,-0.179395,-0.828628,0.366274,-0.357976,-0.392633,0.428313,-0.550927,0.289559,0.0452469,-0.774557,-0.100997,0.257197,-0.0864769,-0.301932,-0.47151,-0.68108,0.632554,0.0075267,-0.0894666,-0.0956293,-0.435151,0.276827,-0.287251,0.0415998,-0.392905,0.583704,-0.12941,0.0957686,-0.0330744,0.357943,-0.100363,0.582164,-0.492352,0.164701,0.903811,-0.903458,0.21045,0.043643,0.236497,-0.39617,-0.0158156,-0.166308,-0.339036,0.527746,-0.225897,-0.18707,0.192403,-0.378981,0.453797,0.241238,-0.593683,0.218743,-0.0205141,0.234189,0.264884,-0.193981,-0.546524,0.134862,0.306324,0.554702,0.320162,-0.0811524,-0.278626,-0.8597,-0.443747,0.0451563,0.474137,0.249068,0.161743,-0.219525,-0.168423,0.0378564,-0.0639003,-0.0877302,-0.510812,-0.652516,0.31813,0.433588,-0.0970131,-0.464398,0.0263938,0.304837,0.232594,-0.442863,0.60188,-0.57574,0.813127,0.0297099,-0.132799,0.953556,-0.069508,0.121488,-0.210936,-0.0526335,0.158499,0.110959,-0.0138209,-0.408688,-0.674042,0.276536,0.222205,0.345455,-0.434511,-0.35871,0.14049,0.393391,0.273868,-0.0938803,0.0918326,0.114108,0.121493,-0.238356,-0.770089,0.066617,0.164576,-0.537803,-1.07228,-0.123436,0.402296,0.113908,-0.02326,0.0877543,-0.173723,0.0500022,-0.215269,-0.0340938,0.197263,-0.547215,0.138855,-0.318941,-0.613239,0.86746,0.744873,0.1304,0.108193,-0.321161,0.109652,-0.0549599,-0.354288,0.034455,-0.0679375,-0.0454498,-0.275995,0.171013,-0.00555811,0.352129,0.404654,-0.243523,-0.136186,-0.303826,0.496613,-0.568348,0.329018,0.0298306,0.0917987,-0.593324,0.247659,-0.989086,-1.08828,-0.10744,0.0113937,-0.274077,-0.236584,1.10549,0.241782,-0.190875,0.391312,-0.436155,0.0121886,-0.0160855,-0.117475,0.153271,-0.101807,-0.21701,-0.238449,0.246146,0.378705,-0.531096,-0.0342319,0.169559,0.184837,0.123393,0.38175,-0.345741,-0.541483,