energy__ <- 3297.32
eqterm <- structure(c(-0.0596608,0.379183,-0.332552,0.437144,0.668254,0.0674037,-0.0970641,0.197299,-0.0666726,-0.34243,0.059219,0.208565,0.855085,-0.268918,-0.536855,-0.236921,0.496184,-0.376051,0.594951,0.0526985,0.176042,-0.207848,0.185645,0.0854384,0.102796,0.0324919,-0.248001,0.20496,0.236423,0.0779729,-0.0161264,0.244882,-0.217642,0.0539944,-0.205024,-0.0809861,0.503846,-0.100695,0.24472,0.103402,0.230667,0.302138,0.230178,-0.120591,0.392882,-0.0674134,-0.361926,0.240768,0.468028,-0.088562,0.0514251,0.38573,0.195807,-0.00742988,0.387961,0.763761,0.219298,0.0567313,0.216076,0.44487,-0.295865,0.204894,-0.350467,-0.369287,0.255455,0.962247,-0.149492,-0.0211444,-0.500613,-0.432597,0.48529,0.0916427,-0.0266076,-0.590308,-0.288736,-0.0976113,0.179342,0.942532,0.395104,0.323844,0.619546,0.25194,-0.0779642,0.0677229,-0.344166,0.177697,0.244185,0.414595,0.194621,-0.578543,0.06076,0.356364,-0.466405,-0.0582024,-0.399466,-0.285637,0.717534,-0.00669124,0.121441,-0.0342024,-0.198191,-0.237853,-0.100517,-0.258856,-0.474469,-0.591997,-0.308611,-0.898193,-0.738778,-0.345959,0.0651073,-0.670867,0.626897,1.09848,0.396285,0.589647,0.263213,0.294215,0.0421075,-0.115604,-0.0900853,-0.130366,-0.306364,0.154539,0.0269671,0.412739,0.260967,-0.01224,0.573023,0.974465,0.246433,-0.0720087,-0.370899,0.456105,0.166339,-0.118888,-0.270573,0.543591,-0.0138495,0.211737,-0.0884665,-0.357368,0.515744,-0.191007,0.0411286,-0.351192,0.281876,0.0587058,0.37783,-0.0656088,-0.220958,0.259721,0.169177,-0.619497,0.736888,0.339419,-0.189952,0.0227936,-0.275875,-0.116966,-0.250158,-0.621001,0.149919,-0.712008,-0.185597,-0.0421213,-0.180508,-0.214337,-0.237285,-0.135174,0.319849,-0.460559,-0.0137816,0.357472,-0.0150497,0.0705246,-0.0634765,-0.105267,0.445461,-0.342496,0.376423,0.0178179,0.248358,0.0681354,-0.0827023,-0.0541949,0.237729,0.921067,-0.283656,0.473234,-0.0995173,-0.36097,-0.00142784,-0.260757,0.0370283,0.187844,0.202041,-0.26819,0.181311,-0.0972993,-0.108842,-0.364774,-0.537879,0.146539,-0.4606,0.258501,-0.153336,0.0287112,0.185215,0.0459851,0.491979,-0.216212,-0.250691,0.211802,-0.177538,0.389926,-0.252277,-0.101486,-0.257709,0.193299,-0.196599,0.344182,0.370315,0.369264,-0.0973415,-0.293732,-0.0249711,-0.301691,0.467346,0.19566,0.4285,-0.295049,-0.359242,-0.00862683,0.0292155,0.417525,-0.466573,-0.0210856,-0.127392,0.0224615,0.178049,-0.320805,-0.155059,0.0399986,0.345009,-0.286511,-0.0451274,0.435238,0.0679181,0.486512,-0.259208,0.609455,-0.0496758,0.533536,-0.0724838,0.0378399,0.628227,-0.137505,0.0934638,-0.255815,-0.326147,0.276789,-0.320564,0.289824,-0.322801,-0.438902,-0.483407,0.510308,0.0548196,0.387924,0.275913,0.22542,-0.158819,-0.386337,0.0472668,0.246793,0.442415,-0.582952,-0.270934,0.250308,0.0686807,-0.0305021,-0.106351,0.1068,-0.529493,0.116476,0.034368,0.141836,0.0282787,-0.60833,0.0474481,0.263929,0.243594,0.255183,0.400363,0.34647,-0.116952,-0.216784,-0.118046,-0.503705,-0.177686,0.0412768,0.88455,-0.542252,-0.317431,0.124238,0.0362843,0.233411,-0.279483,0.0303636,0.0500163,-0.259232,-0.215122,-0.131776,-0.128802,-0.222203,0.108224,-0.258235,0.50736,-0.793319,-0.236254,-0.434894,0.102638,-0.368146,-0.284628,1.14715,0.303344,-0.0910261,0.18561,-0.409681,-0.406251,0.193573,0.0514323,-0.0297959,0.0613775,0.380157,0.154589,-0.239562,0.156832,-0.31732,-0.0738873,0.0429912,-0.474892,-0.596736,0.0327504,-0.301973,-0.200305,-0.229816,-0.11023,-0.144124,-0.6911,-0.794203,-0.478442,0.468687,0.206577,-0.227938,-0.13709,0.271003,-0.0275378,-0.256555,0.276127,0.129642,-0.210302,0.124995,-0.383383,0.00442347,-0.556566,-0.00677739,0.19654,-0.314056,-0.198036,-0.284137,-0.00147028,0.252844,-0.0958709,-0.218734,0.129856,-0.257139,-0.113973,-0.416339,-0.514013,-0.0758549,-0.0713487,-0.392848,-0.173226,-0.119477,0.442324,0.0395037,-0.197265,-0.202527,-0.334418,-0.307187,0.108246,0.523252,-0.265566,-0.318749,-0.439823,-0.383259,-0.696157,-0.436841,0.244038,-0.303658,0.202331,-0.29967,0.213235,0.213147,-0.144466,0.259709,-0.416435,-0.169707,-0.45059,-0.305466,-0.286779,0.270751,-0.561884,0.323901,0.171158,0.0767036,0.0712659,0.0266356,-0.668994,-0.0225163,0.130495,-0.186932,-0.238652,-0.291114,-0.0120647,-0.310771,0.0447748,-0.289776,-0.198084,-0.496306,-0.102469,-0.803918,0.123547,0.210758,-0.410703,-0.0108284,0.0521641,-0.14664,-0.11095,0.485259,0.355307,0.183917,-0.100126,-0.0975361,0.185538,-0.459862,-0.405403,-0.234201,0.440924,-0.285836,0.249548,-0.33932,-0.471075,-0.139661,-0.344334,-0.249964,-0.253147,-0.0791999,0.133669,-0.283721,-0.466827,-0.782538,0.241179,0.357925,-0.0407001,-0.581667,-0.400811,0.0768874,-0.439691,0.366903,-0.089299,0.501294,0.00504923,0.337927,0.0934636,0.0374988,0.0407389,0.461249,0.0254802,0.538468,-0.280887,0.602901,0.448399,0.183596,-0.0234164,0.351753,-0.0564427,-0.321046,-0.169307,0.376021,0.811134,-0.315039,-0.541663,-0.31367,0.554617,-0.238453,0.611327,-0.228361,0.156191,-0.333546,0.0882845,0.0753638,0.387834,0.206729,-0.0706355,0.349693,0.331332,0.0833183,0.00488897,0.571763,-0.28765,-0.0957037,-0.443464,-0.320327,0.318763,-0.252228,0.517923,0.207397,0.0408835,0.093876,0.551337,-0.191349,0.203656,0.0347835,-0.571329,0.0733739,0.509598,0.0443787,-0.177387,0.336737,0.0401892,-0.38861,0.301357,0.905944,0.183542,-0.145384,0.0831528,0.526368,-0.351282,0.17456,-0.38533,-0.303777,0.561538,0.80178,-0.0929128,-0.0743642,-0.567101,-0.373907,0.601239,0.134691,0.259811,-0.559587,-0.326327,-0.0191837,0.186203,1.04721,0.332228,0.493806,0.71259,0.36776,-0.329098,0.452838,-0.310975,0.263148,0.193879,0.430368,0.378687,-0.464779,0.172223,0.331103,-0.578244,-0.207729,-0.409225,-0.556087,0.804912,0.161216,0.254285,-0.128648,-0.490934,-0.188907,-0.0964953,-0.337112,-0.539565,-0.408525,0.0602519,-0.939232,-0.732964,-0.443231,0.17005,-0.746613,0.598745,1.23177,0.663128,0.666556,0.390899,0.341871,0.177385,-0.0703175,0.024758,0.00544712,-0.183905,0.0402033,0.175528,0.421819,0.318873,-0.0274846,0.229334,0.881806,0.389614,-0.174746,-0.19663,0.475047,0.0844786,-0.494574,-0.19291,0.473562,0.23248,0.463499,-0.0557044,-0.372535,0.722404,0.16929,-0.371695,-0.727226,0.275138,0.0225395,0.623187,0.157284,-0.228717,0.41077,0.223375,-0.590898,0.566217,0.213098,-0.144781,-0.239741,-0.273199,-0.193974,-0.251179,-0.570767,0.152596,-0.707704,-0.0287548,0.106914,-0.100152,-0.0351327,-0.326692,-0.345179,0.343052,-0.464135,0.0297203,0.329837,0.0231813,0.0644914,-0.257118,0.0343591,0.392292,-0.464743,0.494049,0.137015,0.401261,0.167611,-0.0237833,0.219675,-0.115926,0.817198,-0.138062,0.30452,-0.125208,-0.427688,0.0962789,0.141912,0.191217,-0.00546007,0.42678,-0.295482,0.168842,0.000352968,-0.270711,-0.334134,-0.52102,0.25297,-0.472382,0.40959,0.042012,0.0162417,0.386669,0.097775,0.559902,-0.134837,-0.334949,0.449567,-0.491483,0.286764,-0.167176,-0.162685,-0.393583,-0.00133753,-0.0664282,0.39727,0.497166,0.436518,-0.0544771,-0.437756,0.0138536,-0.287574,0.585209,0.308719,0.559753,-0.367171,-0.235978,0.069386,0.0315783,0.468528,-0.654217,-0.112925,-0.257205,-0.0871761,0.100517,-0.209367,-0.213022,0.165576,0.248475,-0.194106,-0.0168843,0.124673,-0.0149348,0.72972,-0.580208,0.795496,0.115191,0.569475,-0.251037,0.0695616,0.599424,-0.124274,0.329854,-0.45293,-0.356732,0.352057,-0.669688,0.503052,-0.303465,-0.332584,-0.450706,0.510814,0.111011,0.271267,0.491545,0.223311,0.0393872,-0.398429,-0.240109,0.390538,0.323621,-0.58264,-0.23279,0.171209,0.312354,-0.0242463,-0.0592766,0.0215486,-0.443985,0.16017,0.118674,-0.0549411,-0.0638775,-0.371469,-0.020189,0.0894889,0.0634767,0.0773826,0.393632,0.0792662,-0.195689,-0.0769836,0.00545093,-0.60156,-0.0222055,-0.0277934,0.931696,-0.497025,-0.4871,0.200086,0.0773289,0.315796,-0.316324,-0.108454,0.191567,-0.159741,-0.130421,-0.0628962,-0.0668656,-0.577864,0.259622,-0.217242,0.786423,-1.07424,-0.438701,-0.385789,0.0546475,-0.499643,-0.58094,0.97962,0.36248,-0.0163686,0.269258,-0.668586,-0.250949,0.228436,0.135837,-0.0930763,-0.0667748,0.280218,0.256163,-0.104735,0.0854744,-0.301051,0.0586231,0.0287575,-0.313439,-0.652574,