energy__ <- 3348.26
eqterm <- structure(c(0.12704,0.000710602,0.0476986,0.49878,0.480252,0.284843,-0.0591859,0.341126,0.307757,0.0959324,-0.327829,0.0820979,0.836284,-0.152714,0.180523,0.103774,0.553681,-0.252226,0.395139,-0.437056,-0.0976921,0.113381,0.0992305,0.305048,0.622528,-0.0418663,-0.363479,-0.0636054,0.065671,-0.0471911,0.76083,-0.124694,-0.237134,0.199733,0.102588,-0.0782779,0.126839,-0.256207,-0.233376,0.70039,0.777348,0.598962,0.0303017,-0.352637,0.836172,-0.138923,-0.377879,0.152791,0.581025,0.111813,0.474015,0.691957,-0.0337017,0.100763,0.836313,1.26301,0.468726,-0.0852532,-0.200709,0.231402,-0.237045,0.432404,0.277277,-0.28961,0.50437,0.531904,0.109173,0.41626,-0.287184,-0.817057,-0.0917583,0.100437,-0.265178,-0.667681,-0.32241,-0.0399105,0.212029,0.61775,0.522012,0.408791,0.626958,-0.053118,0.110327,0.0717437,-0.280247,-0.207285,0.377805,0.59931,0.497424,-0.202359,0.236072,0.0142762,0.0498616,0.430624,-0.135709,-0.160885,0.593937,0.290663,0.120096,0.573619,0.755154,0.0907466,0.0108102,-0.162107,-0.247437,-0.620352,-0.693667,-0.594128,-0.600136,-0.261825,-0.38572,-0.147351,1.1277,0.557507,0.305735,0.796305,-0.173088,0.266896,-0.157778,-0.256707,0.118522,0.352651,-0.584721,0.164772,0.735692,0.156296,0.276218,0.446227,0.80775,0.661491,-0.463864,-0.31902,-0.512587,1.01703,0.128682,-0.273958,-0.164928,-0.252635,-0.138189,0.23028,0.191652,-0.514264,0.922483,-0.0971834,0.273056,-0.0449049,0.103374,0.352049,-0.254537,-0.473314,-0.323752,0.318118,0.388724,0.0861411,0.477836,0.102216,0.415361,0.03108,-0.176237,0.370053,-0.00592318,0.118721,-0.373056,-0.41629,0.183096,-0.0599255,-0.205538,0.341095,-0.424758,-0.0180581,0.42049,-0.460749,0.229762,-0.130282,-0.148373,0.229331,0.298326,-0.0347528,0.125203,-0.160937,-0.0205364,-0.134151,-0.408648,0.020732,-0.358468,0.0593048,-0.153204,0.429796,-0.53053,0.398207,0.10076,0.337904,-0.151542,-0.612343,-0.172821,0.630467,0.34315,-0.662342,0.344742,0.0338465,-0.104242,-0.835868,-0.176924,-0.116695,-0.24347,0.0104658,0.0487654,-0.433494,0.121547,-0.0921674,0.584281,0.119354,-0.394098,0.610213,-0.533354,0.286288,-0.0385795,-0.016478,-0.281504,0.0198552,0.123767,0.749919,0.735969,0.176434,0.44271,-0.604735,0.0109034,-0.322486,-0.00997437,0.0131893,0.67577,-0.568235,-0.603241,0.0491827,-0.247573,0.10888,-0.203279,-0.775409,-0.224449,0.248672,-0.268053,-0.256072,-0.11053,0.280173,-0.0480601,-0.335276,-0.0853469,0.290114,0.100026,0.581843,0.745666,0.363811,0.207389,0.120862,0.370018,-0.00336992,-0.122093,-0.377002,-0.281646,-1.00852,-0.0236628,0.171817,-0.32307,0.348128,-0.165535,-0.195308,-0.0722518,0.190319,0.102229,0.178716,-0.12363,0.714462,0.0214266,-0.512666,0.108744,0.609033,-0.180292,-0.0324112,-0.158984,-0.128268,0.279804,0.158581,-0.358905,0.103467,-0.568833,0.0566263,0.136953,0.306854,-0.153431,-0.535383,0.134991,-0.636654,0.637561,0.000638391,0.342131,0.516494,-0.0974015,-0.45096,0.0433343,-0.125171,-0.0910565,0.148157,-0.256634,-0.187746,-0.0743086,0.112411,-0.0903323,0.0237704,-0.0914512,-0.439346,-0.389399,0.289664,-0.474681,-0.518992,-0.163168,-0.579586,0.289471,0.0526236,-0.0497176,-0.68204,-0.660438,0.175033,-0.0700387,0.1258,0.0405165,1.31652,0.275728,-0.176574,0.419315,0.0371176,0.0478917,0.000784899,0.0173341,-0.198218,0.0854856,-0.223786,0.000360322,-0.108832,0.0720363,-0.407484,-0.159647,-0.120523,-0.0426776,-0.105518,0.351591,0.154934,-0.255272,-0.246402,-0.143147,-0.154298,-0.538025,-0.931474,-0.549,0.0565244,-0.12765,-0.00758727,-0.336099,-0.0536062,0.0437594,0.312058,-0.356749,-0.150653,-0.377994,-0.115591,0.317316,0.322353,-0.618039,0.0376977,0.423958,-0.461672,-0.258495,-0.969723,-0.161263,0.226906,-0.295652,-0.134194,0.0611657,-0.349858,0.157649,-0.577798,-0.0410521,-0.471138,-0.18053,-0.692559,0.182856,0.0608705,0.710929,0.440479,0.0578167,0.192153,-0.624358,-0.292865,0.130788,0.252994,0.136751,-0.463753,0.180921,-0.240154,-0.467701,-0.242825,-0.722007,-0.461275,-0.307022,0.100262,0.396055,-0.0239396,-0.112498,-0.380087,-0.397412,-0.306015,0.0100514,-0.416233,0.442831,0.305853,0.228717,0.228549,0.600086,0.498577,0.411958,0.521874,-0.0913409,0.0310454,-0.119595,-0.236462,0.0854958,-0.106098,-0.275482,-0.294709,-0.362441,-0.314921,-0.623318,-0.472901,0.340173,-0.307833,-0.0787841,0.253926,-0.397328,-0.347776,-0.277653,-0.362651,-0.178347,-0.0367715,0.499604,0.323583,-0.156274,-0.355104,-0.418791,-0.393321,-0.892298,-0.420843,0.160879,-0.373774,0.413812,-0.380716,-0.163893,-0.146712,-0.500939,-0.24527,-0.265234,-0.127311,-0.177727,-0.415902,-0.242675,-0.124691,0.0796086,0.107453,-0.0578459,-0.20157,-0.515314,0.310753,-0.0295833,0.298489,-0.153908,0.258026,-0.22087,0.0228717,0.253356,0.310692,0.0527685,0.145157,0.0976704,0.103518,-0.0000855791,0.702244,0.465856,0.419134,0.115767,0.374971,0.511546,-0.035178,-0.235845,-0.0253585,0.614626,-0.0271974,-0.000674403,0.331184,0.572644,-0.0908179,0.476637,-0.897327,0.0848281,0.316616,0.163498,0.417945,0.544472,0.08414,-0.223272,0.0482215,0.00800535,-0.062223,0.719532,0.126513,-0.339927,0.0764256,0.0110893,-0.354984,0.0252113,-0.335604,0.0375461,0.574345,0.430861,0.485842,-0.011454,-0.423574,0.541356,-0.162827,-0.564496,-0.0922208,0.557132,0.173655,0.423586,0.674391,-0.211875,-0.435188,0.947561,1.45482,0.477784,-0.407996,-0.349762,0.197871,-0.214277,0.366769,0.196512,-0.240502,0.878918,0.654281,0.107086,0.393164,-0.361401,-0.91543,-0.0348211,0.0455975,-0.125296,-0.541639,-0.423923,-0.176367,-0.0159468,0.477893,0.559028,0.464894,0.675581,-0.165857,-0.167933,0.174689,-0.23077,-0.355036,0.352233,0.669517,0.559176,-0.168995,0.331368,-0.232598,-0.0011746,0.412272,-0.107449,-0.224575,0.746462,0.274012,0.0634909,0.624887,0.688458,0.0489125,-0.0881607,-0.277275,-0.366428,-0.501101,-0.520425,-0.477731,-0.542686,-0.223054,-0.327329,-0.0198278,1.20841,0.781409,0.625933,0.927506,-0.236217,0.233429,-0.0205489,-0.425343,0.171891,0.51691,-0.351398,0.217901,0.471671,0.226349,0.263148,0.548806,0.696432,0.585533,-0.608128,-0.171378,-0.766265,1.03064,-0.149099,-0.327724,-0.0715312,-0.415793,-0.0818491,0.358668,-0.0479038,-0.543705,0.881121,0.129335,-0.431271,-0.272835,0.0458117,0.281578,-0.464094,-0.481937,-0.347987,0.340862,0.555124,-0.0293712,0.422661,0.101905,0.453077,-0.15046,-0.132014,0.691384,0.0766467,0.112336,-0.442623,-0.342888,0.383945,-0.0420822,-0.110175,0.229459,-0.533869,-0.062167,0.478087,-0.441113,0.352419,-0.0250463,-0.287763,0.0931774,0.0894655,0.0996415,0.15407,-0.0832629,-0.193354,-0.14969,-0.421817,-0.0374468,-0.312162,0.157298,-0.126303,0.399365,-0.631964,0.361121,0.185859,0.157315,-0.239719,-0.27411,-0.0778769,0.148669,0.667368,-0.701814,0.276857,0.148823,0.0522063,-0.618556,-0.238275,-0.0370973,-0.0234844,-0.114176,0.215316,-0.514999,0.0595519,-0.0673529,0.716814,0.279989,-0.391408,0.665529,-0.696573,0.0865826,0.0636705,-0.0847464,-0.230106,-0.257258,0.0991103,0.904181,0.372226,0.157646,0.614443,-0.581561,-0.0571818,-0.382683,-0.0397768,0.0300353,0.523286,-0.499341,-0.283355,0.115532,-0.182964,-0.0294973,0.00284649,-0.668669,-0.358847,0.457866,-0.266639,-0.312218,-0.031737,0.179888,0.125945,-0.350589,-0.344639,-0.156667,0.0683125,0.596283,0.600149,0.73282,0.319694,0.244926,0.354758,0.185836,-0.0874838,-0.467439,-0.334934,-1.17799,-0.0501029,0.259519,-0.214484,0.113701,-0.0394818,-0.232272,-0.165993,0.167029,0.288338,0.119893,-0.106652,0.315235,0.146596,-0.361585,-0.317151,0.655546,-0.124106,-0.353842,-0.206056,-0.223743,0.347028,0.0383653,-0.290355,0.458945,-0.485091,0.138182,0.103448,0.0632979,-0.0592192,-0.438354,0.119975,-0.907486,0.439184,-0.0954978,0.668643,0.157356,0.0180777,-0.505288,0.0964646,-0.0761365,-0.238887,0.166,-0.22028,-0.323053,-0.199503,0.17493,-0.109995,0.0810677,-0.0604849,-0.390562,-0.231382,0.476264,-0.0755091,-0.776057,-0.0534866,-0.835262,0.503655,-0.0501407,0.156321,-1.00391,-0.974774,-0.0365461,0.0405374,0.197942,-0.375478,1.1391,0.352089,-0.112456,0.513134,-0.201093,-0.0516363,-0.0304435,0.0295394,0.0254783,0.123031,-0.349011,-0.129011,-0.116988,0.153763,-0.294411,-0.108261,0.10057,-0.0559282,-0.464844,